#type polygone

1 = 6.050000, -57.150002

2 = 6.133333, -57.116669

3 = 6.216667, -56.983334

4 = 6.266667, -56.966667

5 = 6.316667, -56.950001

6 = 6.466667, -56.866669

7 = 6.533333, -56.816666

8 = 6.583333, -56.783333

9 = 6.733333, -56.700001

10 = 7.400000, -56.366669

11 = 7.433333, -56.349998

12 = 7.483333, -56.316666

13 = 7.666667, -56.250000

14 = 7.883333, -56.200001

15 = 8.600000, -56.066666

16 = 8.616667, -56.066666

17 = 9.000000, -55.933334

18 = 9.100000, -55.883331

19 = 9.350000, -55.750000

20 = 9.330278, -55.653332

21 = 9.350278, -55.026112

22 = 9.185000, -54.035000

23 = 8.802500, -52.410000

24 = 5.845000, -53.938333

25 = 5.963333, -54.370277

26 = 5.974722, -54.601112

27 = 6.021944, -54.837223

28 = 5.971667, -55.116943

29 = 5.981111, -55.209442

30 = 6.019167, -55.350555

31 = 6.011111, -55.811943

32 = 5.901111, -56.010555

33 = 5.916667, -56.239166

34 = 5.941111, -56.333332

35 = 6.047778, -57.121113

36 = 6.050000, -57.150002

